267 3 100 99.8 3
268 3 99.83 99.8 3
269 3 100 100 0
270 3 99.83 96.8 3
271 0 100 100 2
272 2 99.93 99.9 2
273 3 100 100 2
274 1 100 100 3
275 3 100 100 3
276 2 100 100 3
277 3 99.83 99.9 1
278 3 99.66 99.6 1
279 3 100 100 3
280 2 100 99.9 0
281 3 92.94 86.4 2
282 2 99.78 99.7 3
283 1 100 99.9 1
284 1 99.78 99.1 3
285 3 100 99.5 2
286 2 100 99.9 3
287 3 99.48 98.9 2
288 2 100 99.9 2
289 3 24.61 17.3 2
290 2 100 100 3
291 3 100 99.8 3
292 2 100 100 3
293 3 100 100 3
294 3 100 99.7 1
295 3 99.48 91.5 2
296 3 100 100 2
297 2 100 99.6 3
298 2 100 99.9 3
299 3 0 0 1
300 2 100 99.9 1
301 3 0 0 2
302 3 100 99.7 2
303 3 99.83 99.5 3
304 3 100 100 3
305 3 37.87 26.7 2
306 1 100 98 3
307 2 100 100 3
308 3 100 99.9 2
309 3 100 99.9 1
310 2 100 99.6 3
311 2 100 100 2
312 2 99.93 99.6 1
313 3 97.24 96.7 3
314 2 99.93 100 2
315 3 2.24 1.5 1
316 3 100 99.7 2
317 3 64.72 65 2
318 2 100 100 1
319 1 100 99.7 3
320 3 99.83 97.4 2
321 3 99.48 96.5 3
322 1 99.78 99.7 2
323 3 61.79 60.5 2
324 3 76.25 71.2 0
325 1 99.78 98.9 1
326 3 100 99.7 3
327 2 99.93 99.4 3
328 3 100 99.7 2
329 3 100 100 2
330 3 0 0 2
331 3 0 0 2
332 3 100 99.4 3
333 1 97.23 82.6 1
334 1 100 99.8 1
335 2 99.93 99.6 2
336 3 0 0 0
337 3 49.05 47.1 0
338 3 99.65 98.9 3
339 3 99.83 99 1
340 3 99.14 93.2 1
341 3 100 99.6 3
342 3 99.31 98.1 3
343 3 34.6 18.2 1
344 3 100 99.2 2
345 3 0 0 1
346 2 94.62 90.6 2
347 3 99.48 98.6 2
348 3 99.48 98.1 1
349 3 99.66 98.8 1
350 3 0 0.1 0
351 3 0 0 2
352 3 85.86 83.2 3
353 2 100 99.8 2
354 3 40.79 42 2
355 3 0 0 1
356 3 0 0 2
357 3 99.83 99 3
358 3 99.48 98.9 1
359 3 0 0 2
360 2 99.93 99.8 2
361 3 46.3 45.5 2
362 1 98.56 91 2
363 3 0 0 2
364 3 52.32 0 2
365 3 99.14 98 3
366 3 2.24 1.7 2
367 3 99.31 99.8 2
368 3 100 100 1
369 1 100 100 3
370 1 100 99 3
371 3 0 0 2
372 1 99 98.6 2
373 3 86.92 77.1 2
374 3 99.14 99 3
375 3 0 0 2
376 3 100 98.5 2
377 3 100 96.4 1
378 2 99.93 99.6 2
379 3 99.31 94.6 3
380 3 95.34 93.1 2
381 3 94.49 87.8 2
382 3 90.53 80.2 2
383 3 0 0 2
384 2 100 100 3
385 3 26.33 24.3 2
386 2 97.86 89.5 3
387 3 27.88 24.6 2
388 1 100 99.8 2
389 3 64.54 48.6 2
390 3 0 0 2
391 3 99.66 99.8 3
392 3 100 100 2
393 3 100 99.6 3
394 3 100 99.6 2
395 3 0 0 1
396 3 0 0 2
397 0 99.66 99.3 0
398 1 100 99.8 1
399 3 0 0 3
400 3 91.03 82.3 3
401 3 99.66 99.5 3
402 3 3.1 3.2 2
403 3 0 0 2
404 2 100 99.9 2
405 3 22.72 22.8 2
406 3 0 0 2
407 3 97.93 94.5 2
408 3 58.18 61.3 1
409 3 0 0 2
410 1 99.78 99.7 2
411 3 100 95.8 3
412 3 100 99.8 2
413 3 0 0 2
414 3 0 0 2
415 3 0 0 0
416 0 98.25 91.8 2
417 1 99.89 99.8 1
418 2 98.75 96.4 2
419 3 0 0 2
420 3 24.96 22.2 2
421 1 100 100 1
422 3 30.46 29.5 2
423 3 51.29 51.5 1
424 3 25.3 0 1
425 3 0 0 1
426 3 44.75 48 2
427 0 99.94 99.6 2
428 3 100 98 2
429 3 100 99.3 1
430 3 0 0 2
431 3 26.33 24.3 1
432 2 99.48 98 3
433 2 99.93 100 2
434 3 9.98 10.6 1
435 1 71.54 70.1 2
436 3 32.36 31 2
437 3 23.75 26.7 2
438 3 0 0 1
439 3 100 99.4 3
440 2 95.66 90.2 2
441 3 100 100 2
442 3 99.83 99.7 3
443 3 42.86 41.5 2
444 3 100 99.8 3
445 3 99.66 99.1 1
446 2 99.56 93.9 3
447 3 0 0 1
448 3 98.97 98.5 3
449 3 50.6 50.4 2
450 3 100 99.6 2
451 1 98.23 97.8 2
452 3 85.37 0 2
453 1 98.89 85.2 1
454 3 95.34 82.1 3
455 3 0 0 2
456 3 4.99 1.3 1
457 3 3.1 3.3 2
458 2 99.71 99.6 1
459 1 100 99.9 1
460 3 0 0 3
461 3 24.44 25.5 2
462 2 100 99.9 3
463 3 22.89 22.9 2
464 3 87.07 72 3
465 0 94.13 88.6 0
466 3 0 0 2
467 2 88.73 82.5 2
468 3 98.28 97.2 1
469 3 0 0 2
470 2 99.12 90.5 1
471 3 82.96 62.1 2
472 3 0 0 1
473 3 0 0 2
474 3 0 0 2
475 3 92.43 70.1 1
476 3 92.92 91.1 3
477 3 100 100 3
478 3 0 0 1
479 3 34.08 32.5 0
480 3 0 0 0
481 3 18.07 16.7 2
482 3 0 0 1
483 3 0 0 2
484 3 99.48 99.1 2
485 3 0 0 2
486 3 61.38 53.8 3
487 2 100 100 2
488 3 55.94 53.2 2
489 3 74.7 46.9 2
490 3 98.97 98.8 3
491 3 43.03 8.5 2
492 1 0 0 2
493 2 99.12 98.7 2
494 3 64.83 23.8 3
495 3 71.26 38.5 2
496 3 100 97.4 2
497 3 52.84 54.7 2
498 3 0 0 1
499 3 40.28 41.1 2
500 3 99.48 97.4 3
501 3 0 0 2
502 2 0 0 2
503 2 22.83 17.3 2
504 3 0 0 2
505 3 99.31 97.8 2
506 2 19.73 18.1 3
507 2 0 0 1
508 3 0 0 2
509 2 94.11 91.6 2
510 1 0 0 2
511 3 91.05 81.1 1
512 3 0 0 1
513 3 0 0 3
514 3 100 99.9 2
515 2 96.69 94.9 2
516 3 80.86 80.6 3
517 3 0 0.1 3
518 3 63.62 57 3
519 1 16.5 16.7 2
520 1 99.22 98.3 1
521 3 0 0 2
522 3 0 0 2
523 3 64.89 67.8 2
524 3 4.65 5 2
525 2 86.52 80.6 2
526 2 0 0 2
527 3 0 0 2
528 3 59.83 32.9 3
529 3 0 0 1
530 3 99.83 99.3 3
531 1 20.38 1.7 0
532 3 0 0 2
533 3 2.24 2.2 0
534 3 0 0 1
535 3 30.34 29.5 3
536 1 100 100 3
537 2 97.28 70.2 1
538 2 100 100 3
539 1 100 99.9 2
540 3 100 100 3
541 1 99.89 48.8 2
542 2 100 99.8 3
543 2 100 100 1
544 3 100 99.9 3
545 0 100 99.8 3
546 2 97.5 92.3 2
547 3 100 99.4 3
548 1 99.67 97.2 2
549 2 99.71 90.5 2
550 2 99.93 99.8 3
551 3 99.14 97.8 3
552 3 99.83 93.2 3
553 3 99.66 99.5 3
554 3 99.48 99.3 1
555 3 62.99 36.4 2
556 3 99.83 99.5 3
557 2 99.56 98.2 3
558 1 99.89 99.9 3
559 3 99.83 98.4 2
560 2 99.78 99.3 2
561 3 0 0 2
562 3 99.83 99.8 2
563 3 99.83 98.1 3
564 1 100 99.9 3
565 3 100 93.7 3
566 3 100 100 3
567 3 18.07 16.7 1
568 1 93.02 48.1 2
569 3 93.98 92.9 2
570 2 100 98.7 3
571 3 99.83 99.5 3
572 2 99.85 99.5 3
573 2 98.97 98.8 3
574 3 96.55 94.1 3
575 3 100 99.6 1
576 3 99.48 99 2
577 2 100 100 3
578 2 99.78 98.8 3
579 1 99.56 98.8 3
580 2 99.63 98.3 3
581 3 96.9 93.4 3
582 3 100 99.2 2
583 3 99.31 94.8 3
584 2 100 99.7 3
585 1 97.12 95.9 1
586 3 100 100 2
587 3 99.66 96.9 2
588 3 0 0 2
589 3 0 0 1
590 2 100 99.9 3
591 3 22.2 23.7 2
592 3 100 98.5 3
593 3 0 0 2
594 1 100 99.9 2
595 2 100 99.7 3
596 3 0 0 2
597 2 100 100 2
598 3 99.83 98.8 3
599 3 100 96.1 3
600 3 99.83 99.7 2
601 3 0 0 2
602 2 100 100 3
603 3 59.72 9.1 0
604 1 78.74 79.2 2
605 1 99.89 99.9 2
606 0 100 100 0
607 3 100 99.1 3
608 3 61.1 43.1 1
609 2 100 99.5 2
610 3 99.31 97 3
611 3 0 0 2
612 3 0 0 2
613 2 97.05 95.2 2
614 1 99.67 93 0
615 3 58.97 7.5 3
616 3 99.83 96.9 2
617 3 100 99.9 3
618 3 99.83 99.9 2
619 3 89.67 74.4 2
620 3 0 0 0
621 3 0 0 2
622 3 0 0 2
623 3 0 0 2
624 3 78.28 61.1 2
625 3 100 99.6 2
626 3 0 0 0
627 2 100 99.9 2
628 1 97.79 90.9 2
629 3 9.12 8.4 2
630 3 6.54 3 2
631 3 18.24 1.7 2
632 3 99.66 99 3
633 3 17.9 0 2
634 3 55.42 53.6 2
635 1 100 99.9 1
636 3 84.48 78.9 3
637 3 99.83 80.2 2
638 3 99.66 99 2
639 2 99.63 97.8 2
640 3 0 0 2
641 3 0 0 2
642 3 98.97 99.5 1
643 3 94.32 91 1
644 3 0 0 2
645 1 86.59 13.4 3
646 3 93.8 63.3 0
647 2 99.85 100 3
648 2 99.71 99.5 2
649 2 100 100 3
650 1 99.33 98.5 1
651 3 0 0 2
652 3 100 97.9 2
653 3 0 0 2
654 3 98.97 97.2 3
655 1 99.89 99.6 3
656 3 56.11 55.2 2
657 3 6.2 2.3 2
658 3 0 0 2
659 3 37.18 36.8 2
660 1 99.33 98 1
661 3 83.45 79.3 3
662 3 98.45 90 3
663 3 96.9 97 3
664 3 0 0 2
665 1 71.21 70.5 2
666 3 0 0 1
667 2 99.41 98.9 2
668 2 99.93 99.6 3
669 3 0 0 1
670 1 99.89 98.8 2
671 3 72.81 59.7 2
672 0 98.02 96.6 2
673 3 2.24 3.4 2
674 2 62.08 60.6 3
675 3 100 100 3
676 3 0 0 2
677 3 98.28 98.2 3
678 3 0 0 2
679 3 0 0 2
680 3 16.35 18.9 2
681 3 89.66 74.7 3
682 3 0 0 1
683 3 100 100 3
684 3 6.88 5.7 1
685 3 87.95 54.6 1
686 3 99.14 95.6 2
687 3 0 0 2
688 2 99.85 99.6 2
689 0 99.77 98.4 2
690 3 23.62 26.7 3
691 3 0 0 1
692 3 81.21 81.1 3
693 3 0 0 2
694 3 0 0 2
695 1 95.12 85 0
696 3 0 0 0
697 3 94.66 90.8 2
698 1 0 0 0
699 3 0 0 2
700 2 60.56 41.2 1
701 3 0 0 2
702 1 99.89 99.7 0
703 3 100 99.7 3
704 2 93.38 92.4 1
705 1 32.82 36.3 1
706 3 0 0 1
707 3 2.24 2.2 2
708 3 52.32 3 2
709 3 95.51 94.8 3
710 3 0 0 3
711 3 97.59 89.1 2
712 2 99.85 99.7 2
713 3 0 0 1
714 1 98.23 84.5 2
715 2 0 0 1
716 1 99.56 94 2
717 2 97.64 87.8 3
718 3 2.24 3.6 2
719 3 98.62 91.6 2
720 3 61.1 43.1 2
721 3 0 0 2
722 3 99.48 99.6 3
723 3 64.37 60.9 1
724 3 42.93 35.9 2
725 1 53.27 42.4 2
726 3 98.79 90.5 3
727 3 6.2 2.1 2
728 1 65.85 69 3
729 2 53.17 9.1 3
730 2 99.78 99.5 3
731 3 0 0 1
732 2 87.7 86.5 2
733 2 75.92 71.1 3
734 3 100 94 3
735 3 36.38 27.6 3
736 3 51.03 48.9 3
737 1 0 0 2
738 1 100 99.9 3
739 1 99.89 99.7 3
740 3 17.9 0 2
741 3 99.83 98.9 3
742 1 99.89 96.4 3
743 3 21.51 0.3 1
744 2 99.78 99.7 1
745 3 0 0 2
746 3 0 0 2
747 3 95.34 87.7 3
748 2 99.41 99 2
749 2 97.2 95.3 2
750 1 78.05 79.8 1
751 2 100 99.9 2
752 3 0 0 2
753 3 0 0 2
754 3 45.61 36.3 2
755 3 88.79 88.5 3
756 3 33.05 24.3 2
757 1 0 0 2
758 3 86.4 72.6 1
759 3 99.48 98.5 3
760 2 100 99.8 3
761 3 0 0 2
762 2 99.93 99.5 3
763 3 8.26 7.6 2
764 2 99.93 99.9 3
765 1 82.82 78.3 1
766 3 63.51 53.4 2
767 3 38.21 36.7 0
768 0 95.93 93.3 2
769 2 17.59 3.6 0
770 3 99.83 97.6 3
771 1 71.76 73.2 2
772 3 94.31 91.8 3
773 3 99.48 99.4 3
774 3 0 0 1
775 3 0 0 1
776 3 0 0 2
777 2 91.38 82.7 2
778 3 0 0 1
779 1 0 0 2
780 3 86.87 74.3 3
781 2 0 0 3
782 1 0 0 2
783 3 0 0 2
784 3 26.85 0 1
785 3 0 0 2
786 3 100 99.8 2
787 2 92.93 91.5 3
788 3 70.69 64.6 3
789 1 95.01 92.3 1
790 3 52.84 51.9 2
791 1 0 0 2
792 3 60.97 61.3 3
793 3 0 0.1 2
794 2 79.54 71 1
795 2 99.26 98.8 2
796 3 99.31 97.1 3
797 3 98.45 90 3
798 3 0 0.1 1
799 2 99.41 99.2 1
800 2 99.71 94.8 2
801 2 98.97 94.9 3
802 3 99.14 68.3 3
803 3 98.45 97.5 3
804 1 0 0 2
805 1 80.49 80.4 0
806 3 22.2 0 1
807 1 93.57 91.4 3
808 3 18.07 16.7 2
809 3 100 99.9 2
810 3 0 0 2
811 1 62.53 55.8 3
812 3 0.86 0.3 1
813 3 100 99.7 2
814 3 0 0 2
815 2 59.28 59.7 2
816 3 99.66 86.4 3
817 1 81.82 54.9 3
818 1 0 0 2
819 1 75.19 74.8 0
820 3 89.66 27.1 3
821 3 92.24 88.5 3
822 1 0 0 2
823 3 58.97 60.2 3
824 2 94.62 82.6 2
825 3 87.93 85.9 3
826 1 0 0 2
827 3 0 0 2
828 2 0 0 3
829 2 80.71 74.3 2
830 3 66.72 66.2 3
831 2 38.7 36.7 1
832 3 99.83 99 3
833 3 30.34 29.5 2
834 3 0 0 2
835 3 0 0 2
836 1 0 0 2
837 1 0 0 2
838 1 100 98.4 3
839 3 0 0 1
840 3 69.19 53.8 2
841 1 93.57 86.7 1
842 3 0.52 0.3 1
843 3 98.45 94.2 3
844 1 4.21 4 1
845 2 90.57 87.2 3
846 3 0 0 1
847 3 99.66 95 3
848 0 100 100 3
849 3 100 99.9 3
850 3 17.9 0 2
851 3 98.28 60.6 3
852 2 100 99.9 3
853 3 96.39 95.2 1
854 3 1.72 3.3 2
855 3 96.9 86.9 3
856 3 23.58 26.4 2
857 3 100 99.9 3
858 3 0 0 1
859 3 2.58 2.1 2
860 3 93.29 68.8 2
861 3 20.31 22.2 1
862 3 0 0 2
863 3 96.73 93.2 2
864 3 97.07 84.7 3
865 3 99.66 97.2 3
866 2 99.48 98.8 3
867 1 0 0 2
868 2 99.71 92.5 3
869 1 86.82 73.8 2
870 3 66.09 48.9 2
871 3 9.98 10.7 0
872 2 99.63 99.5 2
873 3 93.45 74.3 3
874 3 51.81 50.5 2
875 3 0 0 2
876 1 16.19 16.9 3
877 3 66.09 63.4 1
878 3 0 0 2
879 1 99.11 98.8 2
880 2 95.81 93.3 1
881 3 0 0 2
882 2 98.75 97.5 3
883 3 82.59 48.3 3
884 1 0 0 2
885 3 93.63 86 2
886 2 27.69 26.9 2
887 2 53.98 54.4 2
888 1 89.92 80 2
889 2 71.38 70.6 1
890 1 99.89 96 1
891 3 23.75 26.8 2
892 3 93.46 76.1 2
893 3 33.22 34 1
894 3 57.66 57.1 2
895 3 0 0 1
896 3 29.26 26.5 1
897 2 96.47 94.4 3
898 2 75.92 69.7 2
899 3 91.21 90.2 3
900 3 100 99.2 3
901 3 29.6 31.5 2
902 3 89.14 58.4 3
903 2 57.36 54.6 2
904 2 30.68 20.1 1
905 3 0 0 1
906 2 0 0 3
907 3 99.83 99.1 2
908 3 0 0 2
909 2 0 0 2
910 2 99.71 95.4 3
911 1 90.58 83.1 3
912 3 8.26 7.7 1
913 2 0 0 1
914 2 52.06 51.7 2
915 3 7.75 9.2 1
916 2 99.26 99.2 2
917 2 100 100 2
918 3 2.24 1.7 3
919 2 70.54 71.5 2
920 2 87.92 82.2 2
921 2 0 0 0
922 3 94.14 70.8 3
923 1 97.9 94.5 2
924 3 93.45 93.8 3
925 2 93.6 92.5 1
926 3 4.3 4.4 2
927 2 0 0 2
928 3 0 0 2
929 1 27.8 26.9 0
930 3 100 97.9 3
931 3 22.38 20 1
932 3 86.21 82.4 3
933 3 99.31 97 1
934 3 9.98 10.6 2
935 3 71.94 49.2 2
936 1 90.69 85.5 3
937 2 85.57 60.8 3
938 2 29.9 29.5 2
939 3 0 0 3
940 3 27.88 29.1 2
941 2 97.35 88 3
942 3 39.83 38.8 3
943 3 0 0 0
944 3 84.48 81.4 3
945 3 64.14 63 3
946 2 73.12 74.4 3
947 3 0 0 1
948 3 99.31 92.9 3
949 2 96.91 95.4 3
950 3 78.31 48.6 2
951 2 0 0 0
952 1 27.13 22.5 2
953 2 93.89 93.4 3
954 2 100 99.2 3
955 3 2.75 2.7 0
956 3 0 0 2
957 2 0 0 1
958 2 93.89 85 3
959 1 0 0 2
960 3 99.66 98.8 3
961 2 83.52 76.9 1
962 3 0 0 2
963 2 98.31 73 2
964 3 0 0 1
965 2 99.85 99.9 3
966 1 6.31 5.8 2
967 3 100 99.7 3
968 3 0 0 2
969 0 98.08 96 2
970 3 0 0 1
971 1 0 0 2
972 3 0 0 2
973 2 100 100 2
974 1 0 0 2
975 3 12.22 10.5 1
976 2 57.14 56.4 3
977 3 0 0 2
978 3 85.2 82.6 2
979 3 0 0 3
980 2 89.25 16.7 3
981 1 0 0 2
982 3 99.66 99.7 3
983 3 50.77 39.7 2
984 3 43.89 0 2
985 2 100 100 3
986 3 0 0 2
987 3 0 0 2
988 3 47.24 36.7 3
989 3 98.45 97.6 3
990 3 83.1 43.6 3
991 1 97.67 91.7 1
992 3 30.46 29.5 2
993 3 95.34 82.4 3
994 1 95.79 36.1 2
995 3 98.96 92.7 3
996 3 12.76 10.9 3
997 2 69.88 68.2 2
998 3 0 0 2
999 2 64.58 19.6 2
1000 3 23.24 1.3 2
1001 1 0 0 2
1002 3 0 0 1
1003 2 28.7 27.4 0
1004 3 0 0 2
1005 2 100 99.7 0
1006 3 93.63 90.6 2
1007 3 100 97.7 2
1008 1 99.45 99.6 1
1009 3 98.1 91.4 3
1010 3 99.31 98.3 2
1011 3 0 0 2
1012 3 98.28 43.1 1
1013 3 99.83 97.7 3
1014 3 0 0 2
1015 3 0 0 2
1016 3 87.76 51.9 3
1017 2 99.63 98.8 2
1018 1 98.78 98.6 3
1019 2 95.58 85.8 2
1020 3 66.03 56.2 3
1021 3 39.07 32.9 1
1022 2 100 99.6 2
1023 3 24.61 25.4 1
1024 3 0 0 2
1025 3 0 0 2
1026 3 0.52 0.4 2
1027 2 94.11 26 2
1028 1 92.79 47 3
1029 2 43.59 43.5 2
1030 2 75.55 73.9 2
1031 3 0 0 2
1032 3 0 0 2
1033 2 96.98 97 3
1034 3 0 0 2
1035 1 0 0 2
1036 3 0 0 1
1037 3 74.83 73.6 3
1038 2 75.24 73.4 3
1039 3 42.07 43.9 3
1040 2 0 0 3
1041 3 0 0 2
1042 1 0 0 2
1043 1 47.23 45.8 3
1044 3 20.83 12.1 2
1045 3 86.4 87.5 2
1046 1 99.78 99.4 1
1047 3 0 0 2
1048 0 99.15 99.1 2
1049 3 61.21 40.1 3
1050 2 84.47 83.1 1
1051 3 0 0 1
1052 3 70.74 54.6 2
1053 1 100 98 3
1054 3 0 0 1
1055 1 98.67 95.5 0
1056 2 61.27 39.9 2
1057 2 97.57 95.3 2
1058 1 0 0 2
1059 3 25.82 23.4 2
1060 3 0 0.1 3
1061 3 80.21 74 2
1062 3 0 0 2
1063 3 0 0 1
1064 1 98.78 94.2 3
1065 1 23.15 21.2 2
1066 3 0 0 2
1067 3 99.83 99.5 3
1068 3 0.34 0.1 2
1069 3 97.76 93.8 1
1070 3 96.21 94.7 3
1071 2 97.94 73.6 0
1072 3 99.83 98.8 3
1073 3 86.9 66.4 3
1074 3 0 0 2
1075 1 0 0 2
1076 3 0 0 2
1077 3 83.99 65.8 2
1078 3 38.04 27 2
1079 3 20.69 0 3
1080 2 66.52 57.7 1
1081 2 90.8 69.8 2
1082 3 98.97 98.7 1
1083 3 28.92 18.5 2
1084 3 95 89.9 3
1085 1 0 0 2
1086 3 99.83 99.4 3
1087 3 83.42 81.1 3
1088 3 99.48 97.1 2
1089 3 64.89 23.8 2
1090 3 62.24 57.4 3
1091 2 99.71 98.3 2
1092 2 50.4 47.9 0
1093 3 0 0 2
1094 1 0 0 3
1095 3 88.1 86.3 3
1096 2 0 0 0
1097 3 98.8 98.4 2
1098 2 55.82 43.5 2
1099 3 45.27 45.8 2
1100 2 37.85 37.9 3
1101 2 0.22 0.2 1
1102 3 0 0 2
1103 3 67.99 64.5 2
1104 1 78.27 45.6 3
1105 3 0 0 1
1106 1 69.32 0 2
1107 3 0 0 2
1108 1 50.17 45.9 2
1109 2 0 0 1
1110 3 41.21 27.1 3
1111 2 0 0 1
1112 3 94.66 94.4 3
1113 1 0 0 2
1114 3 35.17 33.7 3
1115 3 23.28 21 3
1116 2 94.62 95 2
1117 1 0 0 2
1118 1 0 0 2
1119 3 47.24 34 3
1120 3 74.87 75.1 2
1121 3 0 0 0
1122 2 98.09 90.7 2
1123 1 99.67 98.8 2
1124 3 0 0 1
1125 0 99.94 99.9 3
1126 3 98.45 98.4 3
1127 0 89.84 70.9 3
1128 3 1.72 3.3 2
1129 3 0 0 2
1130 3 6.88 5.7 0
1131 3 28.74 28.3 2
1132 3 20.17 22.2 3
1133 3 0 0 1
1134 2 99.48 90.9 2
1135 3 0 0 1
1136 2 0 0 1
1137 3 0 0 2
1138 3 25.17 0 3
1139 3 99.14 98.4 2
1140 0 52.29 32.8 2
1141 3 88.28 86.5 3
1142 2 98.53 97.2 2
1143 3 0 0 2
1144 3 100 99.7 3
1145 1 99.11 90.8 3
1146 3 19.28 21 2
1147 2 0 0 1
1148 2 63.18 55.2 3
1149 2 92.05 89.7 2
1150 2 97.05 90.7 3
1151 0 22.47 22.9 3
1152 3 8.26 7.7 0
1153 2 89.32 86.6 2
1154 3 0 0 2
1155 3 99.65 97 3
1156 3 40.86 43.6 3
1157 2 95.07 94 2
1158 3 45.09 45.7 2
1159 3 45.61 34.4 1
1160 3 0 0 0
1161 3 99.14 98.8 3
1162 3 75.22 74.8 1
1163 3 95.35 88.5 2
1164 3 0 0 2
1165 0 95.31 72.3 3
1166 2 99.04 95.7 2
1167 3 96.9 88.2 3
1168 3 44.58 40.5 1
1169 3 63.45 61.8 3
1170 2 0 0 1
1171 3 0 0 3
1172 2 97.13 86.5 3
1173 1 97.01 96.8 3
1174 3 0 0 2
1175 3 93.45 93.3 3
1176 1 0 0 2
1177 3 57.49 56.4 2
1178 1 96.45 92.6 3
1179 3 86.38 72.6 3
1180 3 97.59 69.5 3
1181 3 99.14 97.6 2
1182 2 44.3 43.8 0
1183 1 58.43 58.3 3
1184 3 1.72 3.3 2
1185 2 97.79 91.3 3
1186 3 59.72 39.9 2
1187 2 84.76 79.9 2
1188 3 0 0 2
1189 1 43.68 47 3
1190 3 99.83 98.6 3
1191 2 99.63 94.2 0
1192 3 14.63 13 2
1193 3 91.74 89.3 2
1194 2 0 0 1
1195 3 0 0 2
1196 3 97.41 92.1 3
1197 3 0 0 1
1198 3 0 0 2
1199 2 0 0 0
1200 3 99.83 98.3 3
1201 3 8.95 8.5 1
1202 2 98.97 95.1 3
1203 3 0 0 2
1204 2 99.85 98.9 3
1205 2 96.39 92.4 0
1206 3 87.41 75.2 3
1207 1 84.81 86 1
1208 3 96.72 91.5 3
1209 2 20.32 17 3
1210 3 39.93 20 2
1211 2 98.97 96.6 3
1212 1 0 0 0
1213 2 98.67 94.7 3
1214 2 26.8 15.5 2
1215 3 54.39 0 1
1216 3 36.66 34.5 2
1217 2 89.91 84.6 2
1218 3 0 0 3
1219 3 0 0 0
1220 3 0 0 2
1221 3 0 0 2
1222 3 0 0 2
1223 3 0 0 2
1224 3 0 0 1
1225 3 97.59 81.3 3
1226 1 97.56 84 1
1227 3 80.55 70.9 2
1228 3 99.31 99.7 1
1229 3 0 0 3
1230 3 0 0 1
1231 3 68.1 62 3
1232 3 0 0.1 2
1233 2 0 0 1
1234 3 88.28 66.2 2
1235 1 5.76 4.7 2
1236 0 79.95 79.2 0
1237 0 90.4 90.1 0
1238 3 0 0 2
1239 3 32.36 32.1 1
1240 1 74.61 31 3
1241 2 54.79 46.7 2
1242 3 99.48 99.3 3
1243 3 99.48 99.5 3
1244 3 91.22 89.7 2
1245 3 24.96 3.4 1
1246 3 87.09 79.7 2
1247 3 58.52 0 2
1248 3 83.99 24.1 2
1249 3 80.83 43.1 3
1250 2 97.64 89.3 2
1251 1 0 0 2
1252 3 48.97 0.2 3
1253 3 0 0 3
1254 3 0 0 1
1255 2 95.51 76.6 2
1256 2 0 0 1
1257 3 0 0.1 2
1258 3 0 0 2
1259 1 45.29 43.2 2
1260 3 0 0 2
1261 3 0 0 2
1262 2 92.71 78.9 3
1263 2 11.19 10 2
1264 2 0 0 0
1265 3 0 0 3
1266 2 0 0 1
1267 3 58.45 54.9 3
1268 3 35.28 21.7 2
1269 2 78.22 69 1
1270 2 98.67 98.4 3
1271 2 98.31 88 2
1272 1 72.2 63.7 2
1273 3 0 0 1
1274 1 100 99.9 1
1275 2 0 0 0
1276 3 97.42 95.5 2
1277 3 0 0 1
1278 3 82.24 62.5 3
1279 3 97.42 85 2
1280 2 22.39 22.9 3
1281 3 1.72 3.3 1
1282 1 38.14 26.7 3
1283 2 96.32 82.2 3
1284 3 0 0 2
1285 1 98.34 97.7 3
1286 3 20.14 18.6 2
1287 0 62.62 59.5 1
1288 0 54.21 53.6 2
1289 2 98.16 96.6 2
1290 2 95.58 93.7 3
1291 3 0 0 1
1292 3 0 0 1
1293 2 98.75 98.2 2
1294 2 0 0 1
1295 3 59.21 62.4 1
1296 3 98.45 95 3
1297 3 56.63 56.2 2
1298 3 96.72 57.6 3
1299 3 0 0 2
1300 3 0 0 2
1301 3 100 100 3
1302 3 83.62 83.1 3
1303 2 99.34 86.7 2
1304 2 0 0 1
1305 1 94.79 92.3 3
1306 1 43.08 45 2
1307 3 83.28 22.6 3
1308 3 0 0 1
1309 2 0 0 1
1310 2 97.79 94.5 1
1311 3 0 0 2
1312 3 40.86 43.9 3
1313 3 9.48 9.4 3
1314 1 0 0 2
1315 3 95 91 3
1316 0 72.33 55.6 2
1317 3 0 0 2
1318 1 0 0 2
1319 2 99.26 97.1 3
1320 3 65.92 54.9 1
1321 2 0 0 1
1322 1 61.86 24.1 3
1323 3 51.99 51.3 3
1324 3 73.45 9.4 3
1325 3 0 0 2
1326 2 81.81 78.9 2
1327 2 99.71 99.7 3
1328 2 69.96 67.9 2
1329 1 0 0 2
1330 1 98.45 98.8 3
1331 1 100 100 1
1332 1 0 0 0
1333 1 0 0 3
1334 3 97.93 98.6 3
1335 0 99.83 96.6 1
1336 3 87.44 74.1 2
1337 2 66.79 62 2
1338 3 94.84 79.7 0
1339 3 0 0 2
1340 3 1.72 3.3 1
1341 2 0 0 1
1342 3 100 99.5 3
1343 3 99.83 99.9 3
1344 3 79 67.2 2
1345 2 87.92 88.2 3
1346 3 35.86 23.9 3
1347 1 73.73 72.4 3
1348 2 0 0 1
1349 2 83.73 43.1 2
1350 1 29.38 33.1 3
1351 0 67.36 67 2
1352 0 99.66 92.6 3
1353 3 73.45 64.1 3
1354 1 0 0 1
1355 3 98.62 85.1 2
1356 0 97.63 95.7 2
1357 2 89.7 80.6 1
1358 2 91.68 91.6 2
1359 3 99.14 94.9 3
1360 2 96.61 93.5 2
1361 1 24.28 7.1 3
1362 2 97.57 76.8 1
1363 0 0 0 1
1364 1 0 0 2
1365 3 93.28 89.4 3
1366 3 29.31 30.4 3
1367 2 95.95 85.3 3
1368 3 93.46 86.1 2
1369 3 98.97 94 3
1370 2 59.87 59.5 1
1371 1 92.8 50.3 2
1372 1 90.69 71 3
1373 1 9.97 10.6 2
1374 2 0 0 2
1375 2 0 0 1
1376 3 86.38 72.6 3
1377 3 99.83 99.1 3
1378 2 89.76 85.5 2
1379 1 20.27 0 2
1380 2 68.26 53.4 2
1381 3 0 0 1
1382 2 62.67 43.1 3
1383 2 61.41 57.7 2
1384 3 45.09 42.3 1
1385 3 13.94 0 2
1386 3 83.48 81 1
1387 2 97.2 90.8 0
1388 2 33.92 12.1 1
1389 2 40.4 27.5 1
1390 1 38.32 36.8 2
1391 2 96.02 42.9 3
1392 2 55.45 0 3
1393 1 0 0 2
1394 2 95.14 95.2 2
1395 2 64.8 63.5 2
1396 2 0 0 0
1397 2 0 0 0
1398 2 58.84 56.9 3
1399 0 0 0 3
1400 3 0 0 2
1401 1 0 0 0
1402 2 0 0 1
1403 0 2.37 3.3 3
1404 1 98.67 90.9 3
1405 2 26.27 27.7 1
1406 2 0 0 2
1407 3 99.66 97.4 2
1408 1 0 0 2
1409 2 0 0 3
1410 3 81.38 81.3 3
1411 3 4.65 0 2
1412 3 0 0 1
1413 1 0 0 2
1414 3 0 0 1
1415 2 99.71 99 2
1416 3 72.07 58.4 3
1417 2 16.27 19 3
1418 1 80.6 77 3
1419 3 38.1 38 3
1420 3 100 99.7 2
1421 3 87.24 88.8 3
1422 3 28.4 26.2 2
1423 0 0 0 2
1424 3 0 0 1
1425 0 99.94 99.9 3
1426 2 90.5 81 3
1427 3 0 0 1
1428 1 0 0 2
1429 3 22.89 22.9 2
1430 3 0 0 2
1431 1 0 0 0
1432 1 91.57 92.3 1
1433 1 100 99.9 3
1434 3 0 0 3
1435 2 96.98 67.1 2
1436 1 96.57 95.1 2
1437 3 35.63 19 2
1438 3 2.24 1.5 2
1439 2 27.39 17.3 3
1440 3 56.55 57.3 3
1441 1 77.27 73.3 1
1442 3 29.78 30.4 2
1443 3 39.66 38.9 3
1444 3 90.69 85.1 3
1445 2 93.3 79.4 3
1446 3 80.86 58.1 3
1447 3 3.27 1.9 2
1448 2 96.47 92.5 1
1449 3 0 0 1
1450 2 6.99 7.1 1
1451 2 4.34 4.4 3
1452 2 0 0 1
1453 2 95.07 87.6 3
1454 2 88 84.4 3
1455 1 0 0 2
1456 3 0 0 2
1457 3 87.59 78.5 3
1458 3 97.93 86 2
1459 3 0 0 1
1460 2 98.23 77.5 2
1461 1 99.89 99.6 2
1462 3 57.31 38.7 2
1463 3 2.24 1.7 2
1464 3 95.69 82.9 3
1465 0 99.94 99.1 2
1466 3 0 0 2
1467 3 93.12 82.9 1
1468 3 0 0 2
1469 1 0 0 2
1470 3 96.56 96.6 2
1471 2 98.31 95.9 0
1472 3 0.52 0.3 2
1473 2 100 100 2
1474 1 68.55 52 2
1475 2 90.94 89.6 3
1476 3 10.15 11.6 0
1477 2 99.78 99.5 2
1478 3 99.14 99 1
1479 3 97.76 81.3 1
1480 3 0 0 2
1481 3 23.58 18.3 2
1482 3 0 0 2
1483 3 99.14 98.3 3
1484 1 99.45 98.1 1
1485 3 98.97 93.5 3
1486 3 99.66 99.6 3
1487 3 0 0 1
1488 3 0 0 1
1489 1 98.56 98.3 1
1490 3 100 99.9 1
1491 2 85.95 72.6 1
1492 1 99.89 99 1
1493 3 98.8 98.9 2
1494 3 32.19 31 1
1495 3 86.38 72.6 3
1496 2 100 99.8 3
1497 1 66.22 47.8 2
1498 3 99.66 85.9 0
1499 3 0 0 2
1500 2 56.41 53.8 3
1501 3 28.74 30 1
1502 3 100 99.3 0
1503 2 53.68 47.4 2
1504 3 0 0 2
1505 1 0 0 0
1506 3 0 0 2
1507 3 43.45 33 3
1508 3 99.14 97.4 1
1509 3 47.24 47.2 3
1510 3 0 0 2
1511 3 83.82 60.8 2
1512 3 15.49 14.2 2
1513 3 4.65 0 2
1514 3 99.66 99.4 3
1515 1 91.14 88.4 2
1516 3 74.48 73.3 3
1517 2 100 99.8 3
1518 3 50.69 51.3 3
1519 3 4.82 3.9 1
1520 3 0 0 2
1521 3 99.31 90.9 3
1522 2 66.05 3.8 2
1523 2 65.32 64.1 3
1524 1 0 0 0
1525 3 85.69 83.5 3
1526 3 90 72 3
1527 3 100 99.2 3
1528 2 100 99.8 2
1529 2 94.62 87.6 3
1530 3 100 99.6 3
1531 3 0 0 0
1532 2 0 0 1
1533 2 99.63 99.2 2
1534 1 13.29 3.8 2
1535 3 0 0 2
1536 3 93.29 58.5 2
1537 1 0 0 2
1538 3 96.55 75.7 3
1539 3 51.46 55.2 2
1540 3 0 0 2
1541 2 100 99.2 2
1542 1 51.44 42.3 1
1543 1 0 0 2
1544 3 93.12 89.4 2
1545 2 0 0 1
1546 3 2.58 2.1 1
1547 2 99.04 87.2 2
1548 3 98.79 97.8 3
1549 2 55.08 53.2 2
1550 1 0 0 2
1551 2 97.64 84.2 3
1552 1 41.97 41.3 2
1553 3 0 0 1
1554 3 0 0 2
1555 3 75.52 30.4 3
1556 2 88.22 78.3 2
1557 3 0 0 1
1558 3 84.83 69 3
1559 2 0 0 1
1560 2 0 0 1
1561 1 63.75 0 3
1562 1 0 0 2
1563 3 0 0 2
1564 3 59.66 39.9 3
1565 2 57.85 48.3 2
1566 3 85.17 84.4 3
1567 3 83.13 24.2 2
1568 2 99.71 98.7 3
1569 2 29.9 29.5 2
1570 2 59.75 39.9 1
1571 3 39.76 24.2 2
1572 2 99.56 99.1 3
1573 1 0 0 2
1574 2 88.14 75.7 2
1575 2 54.3 0 1
1576 3 58.18 55.1 2
1577 3 0 0 2
1578 3 27.41 26.9 3
1579 3 99.66 99.9 3
1580 1 0 0 2
1581 2 100 99.2 2
1582 3 92.41 75.7 3
1583 3 92.93 84.6 3
1584 3 97.93 97.1 3
1585 1 100 91.2 2
1586 2 91.02 81.8 3
1587 1 0 0 2
1588 3 77.11 76.7 2
1589 1 99.78 99.6 1
1590 3 0 0 1
1591 2 99.48 98.9 2
1592 3 0 0 1
1593 1 62.68 31.7 2
1594 2 89.32 48.9 2
1595 3 0 0 1
1596 2 81.3 0.4 2
1597 2 77.39 64 3
1598 2 54.42 17.4 2
1599 2 26.14 22 3
1600 3 100 98 2
1601 3 82.44 62.7 2
1602 2 37.82 38.3 0
1603 3 0 0 2
1604 3 0 0 1
1605 3 0 0 2
1606 3 85.52 42.1 3
1607 3 85.03 48.1 1
1608 2 86.6 69.2 2
1609 3 67.64 68.1 2
1610 2 52.28 52.5 3
1611 3 29.43 31.7 2
1612 3 97.41 91.1 3
1613 1 84.15 74.4 3
1614 2 0 0 3
1615 1 0 0 2
1616 0 71.88 58.1 3
1617 2 92.05 84.3 0
1618 3 9.12 0 2
1619 1 16.39 16.5 0
1620 3 55.17 53.5 3
1621 1 66.3 54.8 3
1622 3 92.93 87.2 3
1623 3 95.86 95 3
1624 1 88.8 88.4 3
1625 3 95.52 94.8 3
1626 2 93.52 92 3
1627 0 96.84 95.4 3
1628 2 49.56 51.3 3
1629 2 95.66 94.6 1
1630 3 95.52 95.4 3
1631 3 0 0 2
1632 3 0 0 2
1633 1 73.39 73.7 1
1634 3 71.21 70.6 3
1635 3 21.17 3.2 2
1636 2 0 0 1
1637 3 94.48 94.7 3
1638 3 0 0 1
1639 3 99.14 98.3 2
1640 2 0 0 1
1641 3 8.95 8.5 2
1642 3 71.72 59.6 3
1643 3 0 0 1
1644 3 0 0 2
1645 3 0 0 3
1646 2 98.23 97.6 2
1647 3 0 0 1
1648 1 0 0 2
1649 1 0 0 2
1650 2 79.82 78.8 2
1651 2 37.48 40.9 2
1652 3 0 0 2
1653 2 84.98 83.9 3
1654 3 0 0 2
1655 3 77.41 77.3 3
1656 3 74.14 73.6 3
1657 3 23.58 0 2
1658 3 39.41 38.3 1
1659 3 0 0 1
1660 3 0 0 1
1661 2 88.07 87.2 3
1662 2 0 0 0
1663 1 70.73 72.2 3
1664 2 0 0 1
1665 1 0 0 1
1666 3 51.72 43.4 3
1667 3 43.2 0 2
1668 3 36.83 26.4 2
1669 1 96.12 81.2 0
1670 3 0 0 2
1671 2 0 0 1
1672 3 16.7 0 1
1673 2 59.06 59.4 3
1674 1 0 0 2
1675 1 0 0 2
1676 1 0 0 2
1677 2 0 0 1
1678 3 0 0 2
1679 2 0 0 1
1680 3 0 0 2
1681 2 74.23 67.4 3
1682 1 0 0 2
1683 1 3.99 3.9 3
1684 0 48.84 50.5 2
1685 1 0 0 2
1686 3 1.72 3.3 1
1687 3 0 0 2
1688 2 0 0 3
1689 3 0 0 2
1690 3 58.45 54.2 3
1691 1 92.46 56.8 3
1692 3 57.07 58.3 3
1693 2 78.2 67.7 2
1694 2 77.91 77.4 2
1695 2 0 0 1
1696 3 0 0 1
1697 2 91.75 89.5 3
1698 1 0 0 2
1699 3 0 0 2
1700 2 0 0 3
1701 2 0 0 1
1702 2 84.83 0 2
1703 2 0 0 1
1704 2 47.35 47.2 3
1705 3 86.38 85.9 3
1706 2 99.19 98.9 1
1707 2 0 0 0
1708 1 16.5 16.7 2
1709 2 61.49 34.7 2
1710 1 0 0 2
1711 1 0 0 2
1712 2 0 0 2
1713 1 0 0 2
1714 2 0 0 2
1715 3 88.97 89.7 3
1716 2 98.53 96.8 0
1717 3 0 0 2
1718 2 0 0 1
1719 1 63.68 44.7 2
1720 2 23.05 22.8 2
1721 3 0 0 2
1722 1 0 0 0
1723 3 85.71 75.6 0
1724 3 0 0 2
1725 2 0 0 1
1726 2 99.26 97.4 2
1727 1 0 0 3
1728 1 0 0.1 2
1729 2 99.56 98.9 3
1730 1 0 0 2
1731 3 93.79 94.3 3
1732 3 47.5 45.8 2
1733 1 0 0 2
1734 2 99.26 98.5 2
1735 1 40.8 43.9 3
1736 3 52.41 51.5 3
1737 3 72.41 72 3
1738 2 86.9 65.7 1
1739 1 0 0 2
1740 3 0 0 1
1741 1 0 0 2
1742 2 0 0 1
1743 1 0 0 3
1744 0 70.86 62.3 3
1745 1 0 0 2
1746 3 0 0 2
1747 3 0 0 2
1748 3 60.69 50.2 3
1749 3 81.03 28.2 3
1750 3 0 0 2
1751 1 97.56 89.1 3
1752 3 88.45 79.3 3
1753 2 48.6 47.3 3
1754 2 0 0 1
1755 1 0 0 2
1756 2 97.28 96.8 2
1757 1 0 0 2
1758 3 86.55 72.6 3
1759 1 81.62 55.2 2
1760 3 86.23 76.1 2
1761 2 0 0 0
1762 2 98.53 95.1 2
1763 3 0 0 2
1764 3 0 0 2
1765 3 8.62 3.3 3
1766 3 0 0 2
1767 1 0 0 2
1768 3 0 0 2
1769 3 0 0 2
1770 1 99.22 98.7 3
1771 3 0 0 2
1772 3 0 0 2
1773 0 98.93 92.4 0
1774 3 0 0 2
1775 1 82.26 70.4 3
1776 2 95.29 91.3 3
1777 1 0 0 2
1778 3 100 99.3 3
1779 3 12.91 10.8 2
1780 2 99.93 99.9 2
1781 3 0 0 2
1782 1 0 0 2
1783 2 0 0 1
1784 2 94.48 87.4 3
1785 2 69.88 64.6 3
1786 2 69.66 69.9 2
1787 1 0 0 2
1788 2 97.86 98.1 3
1789 3 0 0 0
1790 3 72.76 63.5 3
1791 3 0 0 1
1792 3 0 0 2
1793 1 62.86 60.6 1
1794 2 21.43 23.6 3
1795 1 0 0 2
1796 3 87.93 87 3
1797 2 64.31 64.3 1
1798 3 0 0 1
1799 2 0 0 1
1800 3 82.59 79 3
1801 3 0 0 1
1802 2 2.06 1.8 1
1803 1 0 0 2
1804 3 26.85 30 1
1805 2 98.01 93.2 3
1806 3 84.34 68.4 2
1807 3 0 0 1
1808 1 0 0 3
1809 1 0 0 3
1810 3 17.56 0 2
1811 0 99.55 98.5 2
1812 1 77.41 69.6 2
1813 2 94.77 88.8 3
1814 2 0 0 3
1815 3 71.03 70.1 3
1816 2 0 0 0
1817 3 0 0 2
1818 3 0 0 2
1819 3 45.69 45.5 3
1820 2 54.97 54.7 1
1821 2 0 0 1
1822 1 0 0 2
1823 2 84.98 74.4 3
1824 2 32.55 32.2 3
1825 2 8.1 8.3 2
1826 0 78.94 63.3 3
1827 3 91.74 85.7 1
1828 2 98.38 88.6 2
1829 2 22.68 0 2
1830 2 0 0 1
1831 1 41.64 37.6 2
1832 3 0 0 3
1833 3 84.51 70.4 2
1834 3 54.31 32.6 3
1835 3 0 0 2
1836 1 94.24 93.1 1
1837 2 0 0 0
1838 3 91.03 68.3 3
1839 3 0 0 2
1840 3 0 0 1
1841 2 0 0 0
1842 3 0 0 2
1843 3 0 0 2
1844 2 0 0 1
1845 3 91.72 87.5 3
1846 2 68.92 60.4 2
1847 2 91.61 86.8 2
1848 3 9.12 8.7 2
1849 3 0 0 1
1850 2 52.43 50.4 2
1851 1 97.12 97.2 3
1852 2 23.93 21.7 2
1853 1 97.56 97.1 3
1854 3 91.03 77.2 3
1855 2 94.33 73.2 3
1856 1 74.28 75.2 1
1857 0 98.64 94.8 3
1858 3 0 0 2
1859 3 0 0 1
1860 3 30.34 29.5 3
1861 2 77.61 78.9 3
1862 2 2.06 3.3 3
1863 3 97.59 96 3
1864 1 0 0 3
1865 3 0 0 1
1866 3 0 0 1
1867 2 78.42 60.3 3
1868 3 0 0 2
1869 2 0 0 1
1870 2 31.59 33.1 3
1871 3 76.03 64.8 3
1872 3 0 0 1
1873 3 80.72 56.1 1
1874 1 34.48 34.2 1
1875 3 0 0 3
1876 3 2.24 1.5 2
1877 0 0 0 2
1878 3 93.79 92 3
1879 2 98.23 98.1 2
1880 3 0 0 2
1881 2 58.03 56.3 3
1882 2 94.55 93.4 1
1883 3 96.55 97 3
1884 3 0 0 1
1885 3 97.76 97.3 3
1886 2 25.18 26.7 2
1887 2 70.62 23 2
1888 3 0 0 2
1889 2 85.94 72.6 3
1890 3 81.55 67.7 3
1891 3 24.14 22 3
1892 3 0 0 2
1893 2 99.63 99.4 3
1894 3 0 0 2
1895 3 29.31 30.4 3
1896 2 55.11 53.2 0
1897 3 0 0 1
1898 3 54.73 54.3 2
1899 3 18.28 17.3 3
1900 3 30.34 29.5 3
1901 3 93.45 88.1 3
1902 1 0 0 3
1903 2 45.58 44.9 2
1904 3 61.03 43.1 3
1905 2 0 0 0
1906 3 0 0 3
1907 3 84.83 84.9 3
1908 2 82.55 60.9 2
1909 2 59.01 60.2 0
1910 3 6.88 2.1 2
1911 2 0 0 2
1912 2 27.15 28 1
1913 3 23.62 26.8 3
1914 3 76.9 60.4 3
1915 2 0 0 1
1916 2 26.58 24.3 2
1917 2 98.31 97.3 3
1918 1 93.13 80.5 3
1919 3 0 0 2
1920 3 28.4 15.8 2
1921 1 18.83 18.6 2
1922 2 29.95 30.8 1
1923 2 17.97 16.7 3
1924 3 25.82 0 2
1925 2 44.92 43.2 2
1926 1 0 0 2
1927 3 0 0 2
1928 2 25.18 25.5 3
1929 1 0 0 2
1930 2 37.26 38 2
1931 1 67.18 55.5 3
1932 3 0 0 2
1933 1 0 0 2
1934 2 0 0 0
1935 3 60.34 41.2 3
1936 1 82.26 67.6 3
1937 2 4.93 4.9 3
1938 3 0 0 1
1939 3 68.28 56.1 3
1940 3 13.97 0 3
1941 2 10.6 9.7 0
1942 3 0 0 1
1943 2 24.72 20.1 1
1944 3 0 0 2
1945 3 81.55 65.6 3
1946 1 0 0 2
1947 3 0 0 2
